00 00 00 00 00 00 00 00 00 00 00 00 00 00 00 00 00 00 00 00 00 
00 00 00 00 00 00 00 00 00 00 00 00 00 00 00 00 00 00 00 00 00 
00 00 03 00 00 02 03 02 00 02 05 02 00 02 02 02 00 00 02 00 00 
00 00 03 00 00 02 03 02 00 02 05 02 00 02 02 02 00 00 02 00 00 
00 00 03 00 00 02 03 02 00 02 05 02 00 02 02 02 00 00 02 00 00 
00 00 03 00 00 02 03 02 00 02 05 02 00 02 02 02 00 00 02 00 00 
00 00 03 00 00 02 03 02 00 02 05 02 00 02 02 02 00 00 02 00 00 
00 00 03 00 00 02 03 02 00 02 05 02 00 02 02 02 00 00 02 00 00 
00 00 03 00 00 02 03 02 00 02 05 02 00 02 02 02 00 00 02 00 00 
00 00 03 00 00 02 03 02 00 02 05 02 00 02 02 02 00 00 02 00 00 
00 00 02 00 00 02 02 02 00 02 04 02 00 02 02 02 00 00 02 00 00 
